0	0
0.000125	0.939347
0.00025	0.559017
0.000375	-0.52372
0.0005	-0.769421
0.000625	-6.09846e-07
0.00075	0.559017
0.000875	0.266849
0.001	-0.181635
0.001125	-0.148778
0.00125	-3.71925e-13
0.001375	-0.148778
0.0015	-0.181636
0.001625	0.266848
0.00175	0.559017
0.001875	1.41576e-06
0.002	-0.76942
0.002125	-0.523723
0.00225	0.559014
0.002375	0.939348
0.0025	3.44981e-06
0.002625	-0.939346
0.00275	-0.55902
0.002875	0.523718
0.003	0.769422
0.003125	2.63546e-06
0.00325	-0.559017
0.003375	-0.266851
0.0035	0.181635
0.003625	0.148779
0.00375	2.0044e-12
0.003875	0.148777
0.004	0.181637
0.004125	-0.266845
0.00425	-0.559018
0.004375	-9.64799e-06
0.0045	0.769416
0.004625	0.523733
0.00475	-0.559
0.004875	-0.939354
0.005	-2.5625e-05
0.005125	0.939339
0.00525	0.559041
0.005375	-0.523698
0.0055	-0.769432
0.005625	-2.65913e-05
0.00575	0.559014
0.005875	0.266867
0.006	-0.181628
0.006125	-0.148786
0.00625	-3.07349e-10
0.006375	-0.148769
0.0065	-0.181645
0.006625	0.266824
0.00675	0.559022
0.006875	4.3534e-05
0.007	-0.7694
0.00712499	-0.523766
0.00724999	0.558963
0.00737499	0.939368
0.00749999	7.35475e-05
0.00762499	-0.939326
0.00774999	-0.559079
0.00787499	0.523665
0.00799999	0.769446
0.00812499	5.38576e-05
0.00824999	-0.559011
0.00837499	-0.26688
0.00849999	0.181623
0.008625	0.148789
0.00875	5.23898e-10
0.008875	0.148768
0.009	0.181646
0.009125	-0.266824
0.00925	-0.559022
0.009375	-3.7698e-05
0.0095	0.769405
0.009625	0.523754
0.00975	-0.55898
0.009875	-0.93936
0.01	-4.18873e-05
0.010125	0.939336
0.01025	0.559047
0.010375	-0.523696
0.0105	-0.769431
0.010625	-2.15394e-05
0.01075	0.559015
0.010875	0.26686
0.011	-0.181631
0.011125	-0.148782
0.01125	-4.52922e-11
0.011375	-0.148775
0.0115	-0.181638
0.011625	0.266844
0.01175	0.559018
0.011875	5.38044e-06
0.012	-0.769419
0.012125	-0.523723
0.01225	0.559016
0.012375	0.939347
0.0125	-3.81696e-06
0.012625	-0.939349
0.01275	-0.55901
0.012875	0.523728
0.013	0.769417
0.013125	-1.07784e-05
0.01325	-0.559018
0.013375	-0.26684
0.0135	0.18164
0.013625	0.148774
0.01375	8.8905e-11
0.013875	0.148783
0.014	0.18163
0.014125	-0.266863
0.01425	-0.559014
0.014375	2.69375e-05
0.0145	0.769434
0.014625	0.523691
0.01475	-0.559053
0.014875	-0.939334
0.015	4.95212e-05
0.015125	0.939362
0.01525	0.558974
0.015375	-0.523759
0.0155	-0.769402
0.015625	4.30959e-05
0.01575	0.559022
0.015875	0.266821
0.016	-0.181648
0.016125	-0.148766
0.01625	-6.54737e-10
0.016375	-0.14879
0.0165	-0.181622
0.016625	0.266883
0.01675	0.55901
0.016875	-5.92557e-05
0.017	-0.769448
0.017125	-0.52366
0.01725	0.559089
0.017375	0.939321
0.0175	-9.52254e-05
0.017625	-0.939375
0.01775	-0.558938
0.017875	0.523791
0.018	0.769387
0.018125	-7.5413e-05
0.01825	-0.559026
0.018375	-0.266801
0.0185	0.181656
0.018625	0.148759
0.01875	1.74279e-09
0.018875	0.148798
0.019	0.181614
0.019125	-0.266903
0.01925	-0.559006
0.019375	9.15743e-05
0.0195	0.769463
0.019625	0.523628
0.01975	-0.559125
0.019875	-0.939308
0.02	0.00014093
0.020125	0.939388
0.02025	0.558902
0.020375	-0.523822
0.0205	-0.769373
0.020625	0.00010773
0.02075	0.55903
0.020875	0.266781
0.021	-0.181664
0.021125	-0.148751
0.02125	-3.35306e-09
0.021375	-0.148806
0.0215	-0.181605
0.021625	0.266923
0.02175	0.559002
0.021875	-0.000123893
0.022	-0.769478
0.022125	-0.523597
0.02225	0.559161
0.022375	0.939295
0.0225	-0.000186634
0.022625	-0.939402
0.02275	-0.558866
0.022875	0.523854
0.023	0.769358
0.023125	-0.000140046
0.02325	-0.559034
0.023375	-0.266761
0.0235	0.181673
0.023625	0.148744
0.02375	5.48555e-09
0.023875	0.148813
0.024	0.181597
0.024125	-0.266943
0.02425	-0.558998
0.024375	0.000156213
0.0245	0.769492
0.024625	0.523565
0.02475	-0.559197
0.024875	-0.939281
0.025	0.000232338
0.025125	0.939415
0.02525	0.558829
0.025375	-0.523885
0.0255	-0.769344
0.025625	0.000172362
0.02575	0.559038
0.025875	0.266741
0.026	-0.181681
0.026125	-0.148736
0.02625	-8.14026e-09
0.026375	-0.148821
0.0265	-0.181589
0.026625	0.266962
0.02675	0.558994
0.026875	-0.000188532
0.027	-0.769507
0.027125	-0.523534
0.02725	0.559234
0.027375	0.939268
0.0275	-0.000278042
0.027625	-0.939428
0.02775	-0.558793
0.027875	0.523916
0.028	0.769329
0.028125	-0.000204678
0.02825	-0.559042
0.028375	-0.266722
0.0285	0.181689
0.028625	0.148729
0.02875	1.13172e-08
0.028875	0.148828
0.029	0.181581
0.029125	-0.266982
0.02925	-0.55899
0.029375	0.000220853
0.0295	0.769521
0.029625	0.523503
0.02975	-0.55927
0.029875	-0.939255
0.03	0.000323747
0.030125	0.939441
0.03025	0.558757
0.030375	-0.523948
0.0305	-0.769314
0.030625	0.000236993
0.03075	0.559046
0.030875	0.266702
0.031	-0.181697
0.031125	-0.148721
0.03125	-1.50163e-08
0.031375	-0.148833
0.0315	-0.181579
0.031625	0.266978
0.03175	0.558993
0.031875	-0.000186964
0.032	-0.7695
0.032125	-0.523561
0.03225	0.559187
0.032375	0.93929
0.0325	-0.000182197
0.032625	-0.939395
0.03275	-0.558899
0.032875	0.523812
0.033	0.769384
0.033125	-7.07074e-05
0.03325	-0.559024
0.033375	-0.26682
0.0335	0.181645
0.033625	0.148772
0.03375	3.95869e-11
0.033875	0.148778
0.034	0.181638
0.034125	-0.266835
0.03425	-0.559021
0.034375	-4.55407e-05
0.0345	0.769395
0.034625	0.523787
0.03475	-0.558927
0.034875	-0.939385
0.035	-0.000146605
0.035125	0.939301
0.03525	0.559159
0.035375	-0.523586
0.0355	-0.769489
0.035625	-0.000161795
0.03575	0.558996
0.035875	0.266962
0.036	-0.181586
0.036125	-0.148827
0.03625	-1.20907e-08
0.036375	-0.148724
0.0365	-0.181698
0.036625	0.266693
0.03675	0.559049
0.036875	0.000278026
0.037	-0.76929
0.037125	-0.524013
0.03725	0.558666
0.037375	0.939479
0.0375	0.000475408
0.037625	-0.939206
0.03775	-0.55942
0.037875	0.52336
0.038	0.769594
0.038125	0.000394316
0.03825	-0.558968
0.0383749	-0.267104
0.0384999	0.181526
0.0386249	0.148881
0.0387499	5.11695e-08
0.0388749	0.148669
0.0389999	0.181757
0.0391249	-0.266551
0.0392499	-0.559077
0.0393749	-0.000510492
0.0394999	0.769184
0.0396249	0.524239
0.0397499	-0.558406
0.0398749	-0.939573
0.0399999	-0.000804211
0.0401249	0.939112
0.0402499	0.55968
0.0403749	-0.523133
0.0404999	-0.769699
0.0406249	-0.000626857
0.0407499	0.55894
0.0408749	0.267247
0.0409999	-0.181467
0.0411249	-0.148936
0.0412499	-1.17276e-07
0.0413749	-0.148615
0.0414999	-0.181816
0.0416249	0.266408
0.0417499	0.559105
0.0418749	0.000742939
0.0419999	-0.769079
0.0421249	-0.524465
0.0422499	0.558145
0.0423749	0.939667
0.0424999	0.00113301
0.0426249	-0.939017
0.0427499	-0.55994
0.0428749	0.522907
0.0429999	0.769804
0.0431249	0.000859417
0.0432499	-0.558911
0.0433749	-0.267389
0.0434999	0.181408
0.0436249	0.14899
0.0437499	2.10411e-07
0.0438749	0.14856
0.0439999	0.181875
0.0441249	-0.266266
0.0442499	-0.559133
0.0443749	-0.000975367
0.0444999	0.768974
0.0446249	0.524691
0.0447499	-0.557885
0.0448749	-0.939761
0.0449999	-0.00146182
0.0451249	0.938923
0.0452499	0.5602
0.0453749	-0.522681
0.0454999	-0.769909
0.0456249	-0.001092
0.0457499	0.558883
0.0458749	0.267531
0.0459999	-0.181348
0.0461248	-0.149045
0.0462498	-3.30573e-07
0.0463748	-0.148506
0.0464998	-0.181934
0.0466248	0.266124
0.0467498	0.559161
0.0468748	0.00120778
0.0469998	-0.768868
0.0471248	-0.524917
0.0472498	0.557624
0.0473748	0.939854
0.0474998	0.00179062
0.0476248	-0.938828
0.0477498	-0.560461
0.0478748	0.522455
0.0479998	0.770013
0.0481248	0.00132459
0.0482498	-0.558854
0.0483748	-0.267673
0.0484998	0.181289
0.0486248	0.149099
0.0487498	4.77763e-07
0.0488748	0.148451
0.0489998	0.181993
0.0491248	-0.265981
0.0492498	-0.559188
0.0493748	-0.00144016
0.0494998	0.768762
0.0496248	0.525142
0.0497498	-0.557363
0.0498748	-0.939948
